1.6837
2.0937
1.7326
1.7798
4.612
8.7253
7.899
2.208
1.4861
2.7962
7.3206
3.3675
1.4641
1.7222
11.375
2.4827
26.215
2.0024
4.53
1.8418
3.8067
14.122
5.4243
11.713
1.5154
2.5386
2.0498
12.466
1.7354
1.6837
3.3239
1.821
2.4158
1.4641
5.8759
1.7924
3.3382
1.5845
1.9313
2.0498
1.5738
1.757
4.9312
5.4173
1.5373
17.57
1.6911
1.5816
1.4671
2.0498
1.9287
3.2632
1.7042
2.0746
3.2943
1.84
7.3206
7.3206
1.5762
4.8561
1.5423
13.621
1.757
1.6398
2.0364
21.962
1.799
2.4524
2.6691
2.0241
1.7247
1.6439
1.9619
4.6266
1.4641
3.9632
5.5639
4.3924
3.6403
1.6779
1.4495
263.25
2.5007
1.8258
9.8829
2.1466
2.8703
6.3199
2.1235
2.9239
2.0364
1.7365
2.0498
1.9034
1.6105
1.7174
3.1294
2.052
1.9675
2.1025
3.2592
1.9985
5.4173
2.8198
3.6971
2.0454
2.6794
3.4262
1.5886
4.2629
1.7559
1.987
1.6619
7.6135
1.7949
6.6748
2.1859
3.8551
3.2211
2.123
1.7603
2.0417
3.7559
2.2421
1.7211
1.4641
4.7119
2.1538
3.8748
19.07
1.8873
1.4641
1.5362
2.5601
2.7997
2.0132
1.4641
6.325
1.5673
2.1962
2.3353
2.1157
1.4695
5.4026
5.3148
2.8726
2.7818
2.5768
3.101
1.4641
2.0498
1.9619
1.4641
2.6354
1.4641
5.8565
3.2943
2.5209
19.473
1.8355
2.0498
2.7833
2.7818
1.757
2.8404
2.3309
1.7562
1.3145
2.404
6.9156
1.4919
1.5324
1.8739
1.8152
8.2569
1.4102
2.2066
34.142
2.4433
3.5944
2.3722
3.6697
6.8885
1.8021
1.4417
9.1743
2.097
2.8145
1.6849
2.0996
2.6212
1.3761
1.6645
2.3591
4.1365
1.3944
1.8021
1.8191
1.5138
3.0808
20.97
4.194
1.8616
2.4967
2.2138
5.2425
1.3223
8.5518
1.9659
12.895
1.789
2.1768
8.7776
1.8152
1.6831
3.6435
1.6134
1.4679
1.4056
3.1208
1.5982
3.8008
1.5101
1.5727
1.8301
2.6212
2.8065
1.3578
1.6186
1.9659
3.0223
56.225
4.9803
1.9872
1.9659
2.7113
1.9004
1.7235
1.5727
1.7038
3.0197
1.8349
1.4194
4.3906
7.8637
1.5727
1.3366
1.7038
2.6356
1.8647
1.4578
7.5583
2.0314
1.3499
1.4749
5.1114
5.2425
1.4417
3.9361
4.0629
1.3761
1.6841
1.4406
1.3645
1.5727
2.1854
3.2813
1.3631
2.1232
2.6343
2.0983
3.4344
1.4788
2.6212
3.0013
1.4297
10.223
2.5794
1.7554
1.4734
1.9528
1.7799
1.9869
1.9397
1.6759
1.5727
2.5249
14.679
3.0341
1.979
5.9378
1.4417
2.6212
2.038
3.7549
2.4377
1.702
7.1099
2.0197
1.8505
1.416
7.6933
3.0144
2.3591
1.5923
1.3893
1.333
1.4233
2.9776
1.3874
1.405
2.6212
4.2792
1.6055
2.0118
2.2674
1.4647
3.3741
1.4908
2.097
1.5702
1.3761
3.1455
8.4537
3.0333
2.0642
6.422
1.8988
1.4902
50.066
1.5596
1.9659
1.8001
2.4246
1.3106
1.6121
4.2212
1.2604
1.4037
1.2973
1.9275
1.9155
1.2075
5.6986
1.9025
1.1891
10.178
1.6021
4.1617
2.363
1.965
1.946
2.8537
1.2024
10.82
1.5888
2.0964
5.4697
1.893
2.0333
1.6052
1.4031
1.195
3.2461
1.2631
2.9727
1.205
1.8813
1.7836
3.9239
1.9025
1.6647
4.4528
1.3236
1.6052
24.97
2.7348
1.7836
1.8109
2.1142
1.3912
1.346
1.5074
1.9405
2.5698
1.5808
1.4875
1.522
1.6908
1.7836
1.2589
1.5737
1.4673
2.7137
2.736
1.4566
2.1374
2.4791
2.3781
4.6373
1.1891
1.5458
2.3424
2.3377
1.3971
4.2212
1.64
1.2188
3.6861
2.497
2.497
5.2319
1.308
1.2681
2.1653
4.6402
2.9727
1.6647
1.1891
11.891
2.8656
1.2444
1.7241
5.6956
1.3596
7.0749
1.4035
1.4024
1.3199
4.3206
1.843
1.415
1.4863
4.946
1.9132
20.05
1.4365
5.5077
3.2105
1.3993
5.0017
3.4483
3.5565
1.3576
2.1315
1.8419
1.4269
2.4176
1.2522
1.8997
1.5592
1.2493
1.9032
1.6052
2.2297
1.2128
3.4483
1.2433
1.6749
1.3532
1.7875
2.0369
1.9738
1.6409
2.9099
2.551
1.8074
4.0026
1.4269
2.3431
1.3888
4.1736
1.2785
3.5589
1.2002
1.5512
1.6996
65.707
27.263
15.926
1.2795
3.0984
2.947
1.2247
1.6647
1.3196
1.5166
1.2732
1.6647
1.308
5.4697
1.2485
1.9868
1.4269
1.4269
2.1641
2.1403
1.308
1.4984
1.6885
1.8399
4.3757
1.7867
1.6559
1.1891
3.8508
4.1617
2.1403
2.1403
2.6159
4.1617
22.258
2.2592
4.2806
1.3062
5.5886
2.7943
1.4416
1.3496
1.5651
1.1123
2.8102
1.7835
2.1287
4.3493
2.7108
1.1346
2.6237
2.3938
6.2347
1.3782
1.2169
1.1635
2.4594
4.7275
1.5573
1.307
3.1435
1.1971
1.168
1.1123
1.7798
1.6474
1.7237
5.5617
1.3348
1.4461
1.3348
1.5907
1.1123
3.0324
3.7864
2.2247
2.4472
10.011
1.1635
1.1123
3.1529
3.7264
4.4494
2.2813
3.5595
4.4494
1.2091
1.1568
2.2247
1.2403
1.1593
1.6685
3.337
10.072
2.1413
1.475
1.1123
1.6897
1.6685
1.6174
1.1123
2.1691
1.4939
1.4082
2.5028
2.2581
3.7264
1.8937
1.7041
2.3429
1.9466
1.2792
1.5107
2.4472
3.6752
2.3782
1.7742
1.5151
2.2347
1.8165
3.4483
4.6719
1.1568
1.2236
4.0789
1.1924
1.2041
2.5584
1.6185
1.822
1.6106
1.861
7.9921
1.7853
4.8943
2.5206
1.3949
1.3904
1.2972
3.6707
3.8765
3.5873
1.438
1.1753
1.5017
1.506
5.9255
12.632
3.0612
1.436
2.2792
1.4918
6.9166
1.6042
1.6685
1.1572
1.3204
3.4483
1.9758
1.8565
2.0022
5.3005
4.0044
1.1245
1.5465
2.5584
1.4792
1.2594
3.198
3.1146
1.3126
5.673
13.348
11.432
4.2592
3.3668
1.1123
1.1123
1.4461
2.0731
1.2236
1.6129
1.3192
1.129
2.3359
1.7241
11.123
1.6685
1.5573
1.5573
1.9333
1.7241
1.5017
2.2074
1.0471
1.4254
1.3613
9.3141
1.6449
2.6178
2.5411
1.5707
1.2565
1.4586
1.0471
2.2314
2.199
5.0262
2.4084
1.6522
1.1518
1.3197
2.7016
2.5445
2.356
1.2565
1.6754
1.3613
3.8743
1.7696
1.1183
2.2094
1.0984
1.1518
2.9638
11.623
14.293
1.288
1.466
13.623
1.1298
2.4031
5.445
1.0469
1.0592
2.0942
1.8555
1.5707
1.9372
2.2031
2.4607
1.4276
1.7351
4.0838
2.1571
1.466
1.1686
1.2251
1.1518
3.7696
1.0951
1.2042
2.6178
1.8712
4.3979
4.6073
18.646
1.0471
1.0471
1.0471
15.812
1.9895
1.0471
1.2565
1.1518
1.0733
1.1944
1.0644
1.3843
1.1309
1.1518
1.7937
1.1414
1.6329
2.644
1.2869
4.4503
1.2366
1.9592
1.191
1.3144
1.9895
1.6496
2.7225
1.1324
1.7801
1.6073
1.2042
1.0733
1.0995
1.4063
1.9654
3.3632
1.5707
1.2565
2.7624
1.0665
1.378
1.3003
1.3194
3.4031
1.3613
1.178
4.2932
4.8084
1.0995
2.2199
2.6178
1.4345
1.0471
2.5131
1.6215
19.162
1.5707
2.3037
1.8456
1.0471
1.9895
2.8272
1.2565
3.9791
1.3613
1.6335
18.848
1.1257
5.3056
1.7277
1.1653
1.1518
1.2565
3.5686
7.2356
1.5707
7.644
2.122
2.9319
1.288
1.068
1.2756
1.623
2.6702
1.2565
1.103
1.2042
1.1518
1.8848
7.5393
1.0995
1.5707
2.6702
1.1518
3.8743
5.0262
1.7801
4.7644
1.1518
1.5
1.251
1.03
1.05
1.9
1.1
1.8818
1.007
1.63
1.025
1.0073
3.5
2.9
2.4631
4.625
1.03
1.4
1.0771
1.32
2.6
1.08
1.517
1.07
2.2568
1.7884
1.2789
4.6091
3.183
1.2
2.743
3
1.0089
1.0041
1.85
1.521
1.2501
1
1.956
1.05
2.779
22.138
1.445
1.0051
1
1
16.3
1.11
1.475
1.0499
1.7535
6.1434
1.23
1.939
46.5
1.2415
3.4
1
6.2
1.9662
2.17
1.296
1.555
1.15
1.33
4.1243
1.3942
4.7612
4.8689
4
1.6
7.085
1.7651
6.3067
1.25
1.2
1.2264
6.563
4.17
2.68
1.075
1.933
1.375
1.25
3.38
1.3801
2.283
2.35
3.15
3.35
4
10.5
2.89
5.5
2.8
1.26
1.1
2.1268
2.2
1.07
9.2
1.5
1.65
12.225
1.4
14.239
1.085
1.05
2.65
2.123
5.2
1.825
1.1
1
2.065
1.2774
1.195
1.2
1.1
1.4
1.585
3.265
1.2
2.433
1.6
2
4.76
1.165
1.372
1.2
1.65
1.7
1.3
1.1
1.1
1.241
1.005
3.282
1.05
57.411
1.088
1.118
2.67
1.0749
2.141
5.85
14.3
1.971
1.7
6.167
1.05
1.1561
3.5821
13.5
1.2015
1.65
1.3776
3.8
1.3255
4.05
6.7
1.16
1.5
1.06
1.4913
1.9818
1.5
3.2144
4.1
1
10.7
19.4
1.6056
1.132
2.255
2.02
1.231
4.1
7.23
1.85
1
2.56
1.553
1.7
1.0455
1.054
1
8.71
1.5
1.5
1.2611
1.055
1.282
1.3
1.3
1.4221
1
1.2
1.85
1.18
1.043
1
1.6
5.6
1.8
2.5
1.75
1.45
1.4609
1.1572
1.4958
5.2073
3.6837
1.4465
1.0387
1.2536
1.0608
1.3983
1.3983
2.4108
1.4419
1.6393
1.0506
1.7551
4.4841
1.6779
1.0608
1
3.0829
1.2777
1.2073
1.9286
1.0029
1.0897
1.7581
1.4465
1.5911
1.109
1.0231
2.001
1.3143
2.0685
3.0858
6.7985
1.6393
1.6393
1.2295
1.7358
2.8234
2.5072
1.8667
4.4359
1.9286
1.0608
1.7415
3.0858
12.054
1.1572
2.4108
1.5583
1.35
3.1823
1.9007
2.3144
3.7078
3.2064
1.0608
1.4465
1.1572
5.2073
3.6644
1.6592
2.5072
3.1919
16.442
1.0829
2.4108
3.6692
1.1813
29.026
4.918
1.1485
1.5429
1.567
1.2536
1.5429
1.8322
1.6635
1.2777
2.4436
2.893
3.134
2.6037
3.7898
1.9026
3.7704
1.1668
1.189
1.3211
1.7358
12.536
1.3211
1.1572
5.7859
1.8322
1.389
1.2054
1.109
1.7294
1.6393
1.0876
1.5429
1.432
2.1697
5.4002
5.7859
1.35
6.0752
18.322
1.1572
1.5911
1.9286
1.4465
1.6779
1.1572
1.011
2.8447
1.7358
1.1504
2.5072
2.893
2.0974
2.0865
1.4465
2.1503
1.1221
1.6586
1.6972
1.5911
5.7859
1.0559
1.4465
2.893
1.1572
1.1205
1.1572
1.2034
5.5931
1.433
1.2643
1.3992
1.1477
1.2382
1.7599
1.5429
2.1215
1.5429
1.2536
1.9286
1.3308
1.9286
1.109
2.0251
8.6789
2.2179
1.3018
1.1239
1.7276
1.3742
1.007
8.1003
1.0029
1.1716
10.27
1.2714
2.893
3.3452
1.0608
2.893
1.1215
1.6972
1.7165
1.1024
17.068
2.6037
1.2536
3.568
1.4947
1.6393
1.7223
2.351
1.6876
1.4706
2.3144
1.2536
1.1444
1.2054
2.6027
2.9418
2.1813
1.4465
4.8216
3.838
1.35
1.5429
1.1572
1.9286
2.242
1.2633
1.0125
1.9286
1.1379
1.0376
1.2536
2.1876
4.7673
1.5429
1.0608
2.7522
3.1823
1.4465
1.9286
1.5911
3.0858
4.0984
1.8804
2.4108
1.0125
1.9286
1.0608
1.6393
1.1283
1.4465
1.4465
2.893
1.3886
1.6393
2.0222
1.7052
1.0511
17.743
1.1572
3.8573
1.7052
1.35
5.4966
1.0232
1.3043
1.0668
1.8089
3.2468
1.4174
2.4907
1.0111
2.9712
3.0046
1.4202
2.2338
1.398
2.3191
2.8525
1.9944
1.7421
1.6466
2.9731
1.1132
1.4842
1.1132
1.1494
3.1846
2.2263
3.8961
1.4378
2.3683
1.0213
1.0204
2.7365
23.284
1.3915
1.3915
2.0408
1.0204
2.1531
1.0668
1.3915
1.4592
4.9907
1.0575
4.128
1.077
1.5028
1.0213
4.5
3.1076
2.2542
1.7579
1.3989
1.2523
4.4981
2.4119
2.1058
3.1883
3.6846
1.577
1.6512
2.5232
1.6698
1.9045
1.8553
1.6234
1.8553
2.3191
1.4378
3.038
1.257
1.2449
3.8961
1.1132
1.2801
6.5863
1.0853
1.6067
1.2987
1.7625
1.1132
1.2505
1.2356
1.1132
4.8237
2.4258
3.1475
1.6187
1.5213
1.8553
7.1429
1.2171
1.1132
1.577
1.6234
1.7625
1.3915
1.1596
11.132
1.1132
1.8553
1.6698
12.523
2.0408
5.7514
5.5659
5.7514
1.1132
4.1744
8.8126
3.7801
32.468
2.0872
3.2931
3.3395
1.3905
1.6234
4.4527
1.0538
1.3915
1.3915
1.6698
1.6902
1.3173
4.4063
1.3915
2.1336
1.2059
1.3636
2.398
3.2468
1.0696
2.8757
1.0204
1.1132
1.8163
1.3562
1.4842
2.7829
1.6141
29.037
18.553
2.5046
3.0612
1.1642
1.1132
1.3636
1.0761
1.5121
1.8479
16.883
1.3915
1.9017
1.449
1.7681
1.0204
1.5798
1.2059
1.5167
1.0204
1.8553
1.2059
1.0204
1.2245
1.0046
7.7922
1.3497
27.829
4.1744
5.8998
1.0065
1.5074
1.2059
1.1132
12.059
2.3191
3.3395
1.1596
2.3729
1.0965
1.1048
1.2523
3.6503
1.3915
1.2987
6.308
9.462
2.8757
1.6837
3.4814
7.6067
1.3915
3.8961
1.1252
11.596
3.077
2.115
1.8553
1.757
1.4842
3.0612
1.577
1.7347
1.7625
1.2894
1.4685
5.1948
1.9481
4.1187
4.9629
5.102
1.3451
1.0751
7.1011
2.0705
2.4119
1.2375
2.0408
1.2987
2.8942
1.0668
1.3915
1.5306
1.0482
1.1781
1.3451
2.0408
1.6698
1.6185
1.0275
16.415
1.5084
1.6859
1.331
2.307
1.9201
3.7711
1.1535
5.0941
2.9565
1.7986
1.5528
1.331
1.8873
1.7746
1.331
6.016
3.2618
1.1668
2.5209
1.2937
18.424
1.0648
1.9556
2.0408
7.9858
3.4969
6.5111
1.26
1.8536
1.5528
1.2671
2.1295
2.7063
1.5528
1.331
1.4676
2.307
1.9077
1.2422
1.2112
1.9965
38.154
2.1295
2.4845
1.6903
1.7657
1.5386
1.6859
1.2422
1.331
1.9823
1.8634
1.8855
5.2103
1.1535
1.7888
5.7675
1.331
6.8323
1.362
3.5492
1.3753
2.307
2.6619
7.5421
5.6815
9.228
1.0807
1.6122
1.2422
1.3567
1.5084
2.307
1.3753
1.5528
27.338
1.2378
1.1925
1.2777
1.331
7.5421
2.2236
1.1535
1.7879
1.4374
6.1402
1.6167
2.0941
11.801
2.9725
1.9521
2.488
3.9929
2.2227
25.288
2.4401
3.7267
3.7524
1.6415
1.2422
1.2422
4.4366
1.0648
1.1979
2.3957
10.204
1.7746
2.3203
2.307
1.0878
1.1429
1.1535
1.8669
2.4845
2.5732
1.1216
5.9894
2.5093
1.3283
1.0453
1.3878
1.1535
1.2866
1.047
4.614
20.453
2.2183
5.3239
1.2165
7.0985
1.331
1.7746
3.0124
47.02
1.1003
2.3097
1.1455
1.3762
1.1429
2.8962
1.7746
1.354
24.579
2.2618
4.4366
1.3487
15.883
1.0204
1.2626
2.6619
1.0515
1.9521
1.3576
1.6415
7.5421
2.2183
5.5013
2.2112
1.4774
1.6415
1.0204
3.2831
25.954
1.0648
4.0816
2.2884
1.1003
2.8385
3.1943
1.5972
1.7746
1.7214
2.3336
4.4942
8.8731
2.6761
1.1473
1.331
1.5084
1.2422
1.1091
6.2112
1.7303
1.1535
1.0559
1.8793
1.402
1.4197
2.7152
4.0816
1.7524
1.0887
3.5492
1.2831
2.1739
2.8394
3.3718
1.331
4.614
10.825
5.7675
1.1091
31.056
3.1056
1.331
1.6859
3.9929
1.8408
1.2828
5.3768
1.3616
1.0584
1.0034
2.9636
1.271
1.9052
4.2337
1.9475
2.9111
24.555
1.2278
1.2193
3.2684
4.8264
1.6596
1.2142
1.0161
1.5233
2.6842
1.5622
1.1211
1.0144
42.091
1.6935
1.6401
1.9475
4.6571
1.0584
1.116
1.5241
1.392
1.2278
14.395
1.1304
1.7443
1.9475
1.1854
2.5656
1.1482
2.1761
1.3311
20.864
1.8942
2.1168
1.6511
1.0584
9.2295
1.1431
5.9272
1.1981
1.7748
1.8755
5.6647
1.1008
4.149
1.2837
1.0584
2.2015
1.2896
1.3548
4.4166
1.2701
14.395
2.6867
1.6935
1.624
3.387
4.0644
1.3014
1.2701
1.5538
1.4767
1.1897
1.0161
10.137
2.663
1.0457
3.8103
1.2701
1.6935
1.4818
1.5241
2.9636
1.1812
1.5656
3.0483
3.3378
1.4572
1.0161
4.3014
2.0322
4.022
1.1219
1.8798
2.2015
1.2701
1.7341
1.1685
6.7739
1.177
4.5004
2.2134
1.0161
1.8628
2.2015
1.2193
5.7155
6.4352
5.5038
2.5402
5.0804
5.0804
2.0322
4.0914
1.9018
4.8264
2.1321
1.5699
1.2532
1.2701
3.0991
1.9102
1.2955
2.5402
2.4877
2.2862
1.4056
1.1025
1.0161
3.8527
12.802
1.6088
1.5241
1.9729
1.2701
1.7849
16.088
1.4395
152.41
1.4395
3.1304
6.287
2.7773
1.033
1.0161
14.014
1.2701
1.2151
8.3675
1.0584
1.1177
3.8103
1.1008
1.5207
1.4877
3.387
4.6571
2.2777
1.0415
1.177
1.5241
1.2887
1.2701
3.7739
1.1981
2.3522
1.0669
1.0669
9.3988
1.2701
5.7705
1.05
1.5368
1.0838
1.8798
1.2786
1.3548
3.9797
5.2498
1.5656
12.701
4.5724
2.9213
1.7782
1.5241
11.685
2.1168
1.7333
2.5402
1.1761
6.0119
32.388
10.584
1.6427
3.387
1.0161
4.8688
1.5284
1.1008
1.0796
1.6935
18.628
1.7316
3.8103
1.1008
1.8374
1.0161
4.6571
1.315
1.5241
2.2862
1.0161
1.8857
1.3116
1.2278
1.1008
3.387
1.6342
1.0135
1.7265
3.8103
2.4564
2.6867
1.0034
1.0152
1.8628
1.0838
2.1168
4.149
1.0161
1.0161
1.177
1.8771
1.2682
1.3564
7.4257
1.1345
1.3292
1.2871
1.5652
1.0726
2.3102
1.0941
2.6172
1.9901
1.9876
1.1559
3.3787
1.217
1.9513
4.1254
1.4026
1.0264
1.7079
1.2376
3.3003
1.2789
2.981
4.0759
3.7129
1.2376
1.0314
1.4546
1.6898
2.368
3.4653
1.2376
1.0644
1.4233
1.4851
2.4752
1.7368
10.998
1.085
1.1551
1.2583
1.8977
1.0066
1.1089
1.0314
1.3201
1.9026
8.2508
1.0949
2.8878
2.3028
1.736
3.2178
1.085
1.4851
2.4992
4.868
1.1056
12.376
1.7467
3.5891
1.0215
3.4653
4.538
5.198
2.6757
1.2756
1.6502
3.3003
1.3201
1.4851
2.533
3.8556
1.2087
1.2904
2.8053
1.2657
5.6122
1.4439
2.104
2.4752
1.8152
1.4951
2.0429
1.071
1.2376
2.0627
1.0173
1.6502
15.285
2.2937
1.0726
4.538
1.2376
10.185
1.6642
2.3102
6.3729
1.4109
1.1147
1.8705
2.0627
1.0685
1.6708
1.3185
1.1155
2.0627
1.0726
4.2904
2.9827
1.0215
8.0858
3.1766
1.6543
1.2657
1.0817
1.0842
2.8053
2.1634
1.2789
1.321
1.3391
1.4835
1.8226
6.2005
13.201
4.3144
2.4076
1.3647
1.0058
2.1452
1.9018
1.4612
20.827
5.9406
2.7228
2.7624
1.0272
1.1419
1.646
1.7706
4.1254
1.9802
1.3201
1.0066
8.2508
1.1139
1.6502
1.2665
1.5536
4.0842
1.4488
14.851
1.5965
3.8779
2.0215
1.6502
1.0107
1.4851
1.2789
1.0231
4.703
3.1353
1.8647
2.038
2.1452
1.1551
1.0561
144.66
28.63
19.266
5.5281
1.5429
4.6205
1.0726
3.7129
1.014
1.1139
2.3399
1.9389
1.2376
3.0528
1.4092
2.5536
5.7756
1.1345
3.4076
1.0726
1.1675
1.0726
1.2706
1.4728
1.0363
1.6502
1.6782
2.6403
1.6015
17.739
4.3729
1.3614
1.184
2.9703
1.0231
1.1304
3.0116
1.4026
2.3226
1.1155
1.6914
1.2376
1.1147
1.4026
4.868
1.0726
4.1254