    1.0000
    1.1052
    1.2214
    1.3499
    1.4918
    1.6487
    1.8221
    2.0138
    2.2255
    2.4596
    2.7183
    3.0042
    3.3201
    3.6693
    4.0552
    4.4817
    4.9530
    5.4739
    6.0496
    6.6859
    7.3891
    8.1662
    9.0250
    9.9742
   11.0232
   12.1825
   13.4637
   14.8797
   16.4446
   18.1741
   20.0855
   22.1980
   24.5325
   27.1126
   29.9641
   33.1155
   36.5982
   40.4473
   44.7012
   49.4024
   54.5982
   60.3403
   66.6863
   73.6998
   81.4509
   90.0171
   99.4843
  109.9472
  121.5104
  134.2898
  148.4132
  164.0219
  181.2722
  200.3368
  221.4064
  244.6919
  270.4264
  298.8674
  330.2996
  365.0375
  403.4288