    0.0909
    0.0854
    0.0881
    0.0904
    0.0798
    0.0826
    0.0683
    0.0554
    0.0406
    0.0406
    0.0328
    0.0309
    0.0226
    0.0263
    0.0263
    0.0203
    0.0157
    0.0180
    0.0092
    0.0083
    0.0078
    0.0055
    0.0037
    0.0065
    0.0055
    0.0051
    0.0055
    0.0037
    0.0023
    0.0055
    0.0028
    0.0009
    0.0028
    0.0028
    0.0014
    0.0005
    0.0005
    0.0005
    0.0009
    0.0005
    0.0009
    0.0005
         0
         0
         0
         0
         0
         0
         0
    0.0005
    0.0005
         0
         0
         0
         0
    0.0005
         0
         0
         0
         0
         0